function out=Rvv_O2O2_Ann(n, T, O2)
% R VV with k_i->i-1 ^j-1->j and reverse function like in Annušová 2018 
% paper
% 23.02.2021
k = 1.3807e-23;
ABdata1=[
1 2 2.2802E-17 1.2679E+00 12 38 7.5015E-30 5.5905E+00
1 3 2.2105E-17 1.3096E+00 12 39 1.0320E-30 5.8269E+00
1 4 1.6591E-17 1.3860E+00 12 40 1.1033E-31 6.0965E+00
1 5 1.0611E-17 1.4740E+00 12 41 1.3597E-32 6.3371E+00
1 6 7.3215E-18 1.5446E+00 13 14 1.1715E-14 1.0580E+00
1 7 3.6462E-18 1.6540E+00 13 15 7.9854E-15 1.1207E+00
1 8 1.8430E-18 1.7567E+00 13 16 3.7123E-15 1.2372E+00
1 9 8.7833E-19 1.8674E+00 13 17 1.9428E-15 1.3284E+00
1 10 4.0885E-19 1.9786E+00 13 18 9.3864E-16 1.4315E+00
1 11 1.7580E-19 2.0985E+00 13 19 4.2131E-16 1.5410E+00
1 12 6.4292E-20 2.2438E+00 13 20 1.9069E-16 1.6481E+00
1 13 2.8884E-20 2.3541E+00 13 21 9.1580E-17 1.7464E+00
1 14 1.3949E-20 2.4534E+00 13 22 3.7319E-17 1.8673E+00
1 15 5.5817E-21 2.5812E+00 13 23 1.3727E-17 1.9956E+00
1 16 3.3050E-21 2.6426E+00 13 24 4.5044E-18 2.1476E+00
1 17 1.4746E-21 2.7501E+00 13 25 1.3833E-18 2.3010E+00
1 18 5.1214E-22 2.8930E+00 13 26 3.9193E-19 2.4663E+00
1 19 1.5975E-22 3.0535E+00 13 27 1.1819E-19 2.6217E+00
1 20 9.8884E-23 3.1047E+00 13 28 2.6524E-20 2.8137E+00
1 21 3.7198E-23 3.2308E+00 13 29 6.3801E-21 2.9907E+00
1 22 1.4741E-23 3.3507E+00 13 30 1.1025E-21 3.2195E+00
1 23 4.5105E-24 3.5051E+00 13 31 2.5499E-22 3.4025E+00
1 24 1.6581E-24 3.6378E+00 13 32 4.9321E-23 3.6119E+00
1 25 5.5900E-25 3.7753E+00 13 33 7.7191E-24 3.8445E+00
1 26 1.9113E-25 3.9107E+00 13 34 1.2130E-24 4.0669E+00
1 27 6.6239E-26 4.0441E+00 13 35 1.1560E-25 4.3573E+00
1 28 1.7785E-26 4.2082E+00 13 36 5.4020E-27 4.7639E+00
1 29 6.5429E-27 4.3203E+00 13 37 4.0695E-28 5.0950E+00
1 30 1.3880E-27 4.5191E+00 13 38 1.6398E-29 5.5145E+00
1 31 2.1911E-28 4.7584E+00 13 39 1.5843E-30 5.8029E+00
1 32 6.2638E-29 4.9097E+00 13 40 1.2888E-31 6.1112E+00
1 33 1.0904E-29 5.1241E+00 13 41 1.0678E-32 6.4102E+00
1 34 1.8886E-30 5.3317E+00 14 15 2.3455E-14 9.8648E-01
1 35 1.9558E-31 5.6218E+00 14 16 2.1343E-14 1.0035E+00
1 36 1.9120E-32 5.9157E+00 14 17 1.2097E-14 1.0904E+00
1 37 1.4568E-33 6.2485E+00 14 18 6.0355E-15 1.1908E+00
1 38 8.6605E-35 6.6136E+00 14 19 2.9213E-15 1.2944E+00
1 39 7.6659E-36 6.9118E+00 14 20 1.2194E-15 1.4166E+00
1 40 3.6090E-37 7.3013E+00 14 21 5.5779E-16 1.5255E+00
1 41 7.8562E-39 7.8033E+00 14 22 2.3216E-16 1.6447E+00
2 3 1.2973E-16 1.1702E+00 14 23 6.9082E-17 1.8065E+00
2 4 1.0618E-16 1.2361E+00 14 24 2.8113E-17 1.9267E+00
2 5 6.6533E-17 1.3310E+00 14 25 8.2721E-18 2.0879E+00
2 6 2.9463E-17 1.4684E+00 14 26 2.4435E-18 2.2476E+00
2 7 1.8861E-17 1.5403E+00 14 27 7.2721E-19 2.4056E+00
2 8 1.0295E-17 1.6321E+00 14 28 1.5997E-19 2.6012E+00
2 9 5.6629E-18 1.7199E+00 14 29 4.2116E-20 2.7652E+00
2 10 2.7628E-18 1.8274E+00 14 30 6.7800E-21 3.0033E+00
2 11 1.6269E-18 1.9008E+00 14 31 1.5377E-21 3.1883E+00
2 12 4.9839E-19 2.0756E+00 14 32 2.6278E-22 3.4206E+00
2 13 2.2672E-19 2.1834E+00 14 33 4.9540E-23 3.6206E+00
2 14 9.1913E-20 2.3078E+00 14 34 3.1566E-24 3.9800E+00
2 15 4.7712E-20 2.3944E+00 14 35 3.4415E-25 4.2563E+00
2 16 1.6169E-20 2.5442E+00 14 36 2.6872E-26 4.5769E+00
2 17 7.2929E-21 2.6499E+00 14 37 1.0567E-27 5.0099E+00
2 18 3.2226E-21 2.7587E+00 14 38 4.2051E-29 5.4273E+00
2 19 1.0983E-21 2.9041E+00 14 39 4.3601E-30 5.6975E+00
2 20 4.8590E-22 3.0078E+00 14 40 3.0662E-31 6.0306E+00
2 21 1.6446E-22 3.1532E+00 14 41 1.7828E-32 6.3755E+00
2 22 7.5853E-23 3.2510E+00 15 16 2.2813E-14 1.0100E+00
2 23 2.3610E-23 3.4056E+00 15 17 1.8398E-14 1.0459E+00
2 24 1.0079E-23 3.5119E+00 15 18 1.0367E-14 1.1302E+00
2 25 3.7281E-24 3.6337E+00 15 19 6.6741E-15 1.1915E+00
2 26 1.2558E-24 3.7714E+00 15 20 2.5502E-15 1.3306E+00
2 27 4.2912E-25 3.9068E+00 15 21 1.2076E-15 1.4337E+00
2 28 1.1321E-25 4.0735E+00 15 22 5.1125E-16 1.5511E+00
2 29 3.3419E-26 4.2196E+00 15 23 1.5399E-16 1.7118E+00
2 30 7.6177E-27 4.4049E+00 15 24 6.3033E-17 1.8316E+00
2 31 1.5060E-27 4.6139E+00 15 25 1.8589E-17 1.9929E+00
2 32 1.6713E-28 4.9037E+00 15 26 5.4848E-18 2.1532E+00
2 33 3.0314E-29 5.1143E+00 15 27 1.6279E-18 2.3119E+00
2 34 5.9092E-30 5.3070E+00 15 28 3.9462E-19 2.4933E+00
2 35 7.4109E-31 5.5640E+00 15 29 8.5131E-20 2.6885E+00
2 36 1.0798E-31 5.7973E+00 15 30 1.3954E-20 2.9266E+00
2 37 9.9597E-33 6.1009E+00 15 31 3.0850E-21 3.1186E+00
2 38 4.0843E-34 6.5212E+00 15 32 5.5943E-22 3.3356E+00
2 39 3.3504E-35 6.8354E+00 15 33 7.8417E-23 3.5849E+00
2 40 3.7969E-36 7.0981E+00 15 34 6.8395E-24 3.8958E+00
2 41 1.7051E-37 7.4874E+00 15 35 5.5497E-25 4.2186E+00
3 4 6.6026E-16 1.0511E+00 15 36 4.5816E-26 4.5314E+00
3 5 6.5477E-16 1.0838E+00 15 37 3.5659E-27 4.8557E+00
3 6 3.2187E-16 1.2131E+00 15 38 1.0409E-28 5.3193E+00
3 7 2.1474E-16 1.2825E+00 15 39 6.3642E-30 5.6709E+00
3 8 1.4179E-16 1.3504E+00 15 40 6.6079E-31 5.9439E+00
3 9 6.4350E-17 1.4735E+00 15 41 5.3942E-32 6.2376E+00
3 10 3.2148E-17 1.5766E+00 16 17 3.7777E-14 9.6012E-01
3 11 1.2409E-17 1.7185E+00 16 18 2.7181E-14 1.0128E+00
3 12 6.1585E-18 1.8204E+00 16 19 2.0924E-14 1.0506E+00
3 13 3.1478E-18 1.9123E+00 16 20 1.4221E-14 1.1043E+00
3 14 1.3455E-18 2.0322E+00 16 21 5.8144E-15 1.2342E+00
3 15 5.1176E-19 2.1673E+00 16 22 2.1534E-15 1.3736E+00
3 16 3.1051E-19 2.2281E+00 16 23 8.9405E-16 1.4885E+00
3 17 1.2670E-19 2.3479E+00 16 24 3.0770E-16 1.6354E+00
3 18 5.5529E-20 2.4588E+00 16 25 8.3849E-17 1.8095E+00
3 19 2.0800E-20 2.5911E+00 16 26 2.4809E-17 1.9702E+00
3 20 9.6515E-21 2.6919E+00 16 27 7.3389E-18 2.1301E+00
3 21 3.2255E-21 2.8372E+00 16 28 1.5867E-18 2.3294E+00
3 22 1.5881E-21 2.9228E+00 16 29 2.9236E-19 2.5507E+00
3 23 6.6049E-22 3.0293E+00 16 30 4.6649E-20 2.7912E+00
3 24 1.4676E-22 3.2378E+00 16 31 1.2527E-20 2.9537E+00
3 25 4.7412E-23 3.3818E+00 16 32 2.3082E-21 3.1695E+00
3 26 1.5551E-23 3.5234E+00 16 33 3.1444E-22 3.4233E+00
3 27 5.1768E-24 3.6628E+00 16 34 2.4303E-23 3.7543E+00
3 28 1.3234E-24 3.8340E+00 16 35 3.4242E-24 3.9882E+00
3 29 2.5853E-25 4.0404E+00 16 36 1.8013E-25 4.3714E+00
3 30 4.6065E-26 4.2630E+00 16 37 1.2500E-26 4.7141E+00
3 31 9.4196E-27 4.4602E+00 16 38 2.5293E-28 5.2319E+00
3 32 1.6205E-27 4.6839E+00 16 39 1.9537E-29 5.5432E+00
3 33 2.5463E-28 4.9129E+00 16 40 1.4655E-30 5.8590E+00
3 34 3.1646E-29 5.1698E+00 16 41 8.9984E-32 6.1930E+00
3 35 3.1242E-30 5.4691E+00 17 18 4.2360E-14 9.6084E-01
3 36 4.4194E-31 5.7090E+00 17 19 2.6422E-14 1.0347E+00
3 37 5.1128E-32 5.9781E+00 17 20 1.6148E-14 1.1053E+00
3 38 4.7097E-33 6.2771E+00 17 21 9.8116E-15 1.1760E+00
3 39 3.2316E-34 6.6129E+00 17 22 4.5475E-15 1.2829E+00
3 40 2.1223E-35 6.9610E+00 17 23 1.6869E-15 1.4165E+00
3 41 3.0889E-36 7.1747E+00 17 24 6.2307E-16 1.5526E+00
4 5 1.1364E-15 1.0492E+00 17 25 1.8809E-16 1.7123E+00
4 6 8.0223E-16 1.1244E+00 17 26 5.5977E-17 1.8728E+00
4 7 3.9643E-16 1.2419E+00 17 27 1.6577E-17 2.0329E+00
4 8 2.6312E-16 1.3109E+00 17 28 3.9361E-18 2.2185E+00
4 9 1.8223E-16 1.3676E+00 17 29 6.6937E-19 2.4523E+00
4 10 8.1117E-17 1.4965E+00 17 30 1.4446E-19 2.6478E+00
4 11 4.1528E-17 1.5938E+00 17 31 3.4606E-20 2.8248E+00
4 12 2.0290E-17 1.7007E+00 17 32 5.0106E-21 3.0798E+00
4 13 8.4029E-18 1.8248E+00 17 33 6.9531E-22 3.3318E+00
4 14 3.4316E-18 1.9500E+00 17 34 8.0661E-23 3.6029E+00
4 15 1.3092E-18 2.0847E+00 17 35 7.1999E-24 3.9055E+00
4 16 6.2920E-19 2.1815E+00 17 36 3.6418E-25 4.2929E+00
4 17 2.2163E-19 2.3246E+00 17 37 2.4856E-26 4.6380E+00
4 18 1.1967E-19 2.4022E+00 17 38 5.3289E-28 5.1466E+00
4 19 4.9551E-20 2.5196E+00 17 39 3.2688E-29 5.4966E+00
4 20 1.6921E-20 2.6638E+00 17 40 2.6565E-30 5.7960E+00
4 21 6.7079E-21 2.7856E+00 17 41 1.4974E-31 6.1493E+00
4 22 2.8100E-21 2.8994E+00 18 19 5.4054E-14 9.4350E-01
4 23 8.7712E-22 3.0491E+00 18 20 4.2884E-14 9.7871E-01
4 24 3.7445E-22 3.1595E+00 18 21 2.5021E-14 1.0594E+00
4 25 1.1996E-22 3.3048E+00 18 22 1.2645E-14 1.1557E+00
4 26 3.9028E-23 3.4477E+00 18 23 4.7049E-15 1.2913E+00
4 27 1.2890E-23 3.5882E+00 18 24 2.3639E-15 1.3829E+00
